hand:
  origin:
    xyz: -0.01 0 0.03
    rpy: 0 0 0
  mass: 0.73
  inertia:
    xx: 0.001
    yy: 0.0025
    zz: 0.0017
    xy: 0
    xz: 0
    yz: 0

left_finger: &finger
  origin:
    xyz: 0.00064528 0.017020 0.0219685
    rpy: 0 0 0
  mass: 0.03602545343277134
  inertia:
    xx: 2.3749999999999997e-06
    yy: 2.3749999999999997e-06
    zz: 7.5e-07
    xy: 0
    xz: 0
    yz: 0
right_finger: *finger