body0:
  origin:
    xyz: -0.0010128150688448064 0.00011921310475708836 -0.03180504460041544
    rpy: 0.0 0.0 0.0
  mass: 1.1999
  inertia:
    xx: 0.001184
    xy: -5.0e-06
    xz: -3.5e-05
    yy: 0.00101
    yz: -8.0e-06
    zz: 0.001542
